(kicad_pcb (version 20171130) (host pcbnew "(5.1.10)-1")

  (general
    (thickness 1.6)
    (drawings 27)
    (tracks 828)
    (zones 0)
    (modules 77)
    (nets 79)
  )

  (page A4)
  (layers
    (0 F.Cu signal)
    (31 B.Cu signal)
    (32 B.Adhes user)
    (33 F.Adhes user)
    (34 B.Paste user)
    (35 F.Paste user)
    (36 B.SilkS user)
    (37 F.SilkS user)
    (38 B.Mask user)
    (39 F.Mask user)
    (40 Dwgs.User user)
    (41 Cmts.User user)
    (42 Eco1.User user)
    (43 Eco2.User user)
    (44 Edge.Cuts user)
    (45 Margin user)
    (46 B.CrtYd user)
    (47 F.CrtYd user)
    (48 B.Fab user)
    (49 F.Fab user)
  )

  (setup
    (last_trace_width 0.2)
    (user_trace_width 0.25)
    (user_trace_width 0.3)
    (user_trace_width 0.45)
    (trace_clearance 0.15)
    (zone_clearance 0.508)
    (zone_45_only no)
    (trace_min 0.15)
    (via_size 0.65)
    (via_drill 0.2)
    (via_min_size 0.4)
    (via_min_drill 0.2)
    (uvia_size 0.3)
    (uvia_drill 0.1)
    (uvias_allowed no)
    (uvia_min_size 0.2)
    (uvia_min_drill 0.1)
    (edge_width 0.05)
    (segment_width 0.2)
    (pcb_text_width 0.3)
    (pcb_text_size 1.5 1.5)
    (mod_edge_width 0.12)
    (mod_text_size 1 1)
    (mod_text_width 0.15)
    (pad_size 1.524 1.524)
    (pad_drill 0.762)
    (pad_to_mask_clearance 0.051)
    (solder_mask_min_width 0.25)
    (aux_axis_origin 0 0)
    (visible_elements 7FFFFFFF)
    (pcbplotparams
      (layerselection 0x010fc_ffffffff)
      (usegerberextensions false)
      (usegerberattributes false)
      (usegerberadvancedattributes false)
      (creategerberjobfile false)
      (excludeedgelayer true)
      (linewidth 0.100000)
      (plotframeref false)
      (viasonmask false)
      (mode 1)
      (useauxorigin false)
      (hpglpennumber 1)
      (hpglpenspeed 20)
      (hpglpendiameter 15.000000)
      (psnegative false)
      (psa4output false)
      (plotreference true)
      (plotvalue true)
      (plotinvisibletext false)
      (padsonsilk false)
      (subtractmaskfromsilk false)
      (outputformat 1)
      (mirror false)
      (drillshape 1)
      (scaleselection 1)
      (outputdirectory ""))
  )

  (net 0 "")
  (net 1 GND)
  (net 2 "Net-(AE1-Pad1)")
  (net 3 "Net-(AE2-Pad1)")
  (net 4 "Net-(BT1-Pad1)")
  (net 5 "Net-(C1-Pad2)")
  (net 6 "Net-(C2-Pad1)")
  (net 7 "Net-(C3-Pad2)")
  (net 8 VBUS)
  (net 9 "Net-(C7-Pad2)")
  (net 10 +3V3)
  (net 11 /RESET)
  (net 12 VCC)
  (net 13 /USR)
  (net 14 +3V0)
  (net 15 /D-)
  (net 16 /D+)
  (net 17 "Net-(D2-Pad1)")
  (net 18 "Net-(D3-Pad1)")
  (net 19 /LED0)
  (net 20 "Net-(J1-Pad4)")
  (net 21 /SWDIO)
  (net 22 /SWCLK)
  (net 23 "Net-(J2-Pad6)")
  (net 24 "Net-(J2-Pad7)")
  (net 25 "Net-(J2-Pad8)")
  (net 26 /S0.0)
  (net 27 /S0.1)
  (net 28 /S0.2)
  (net 29 /S0.3)
  (net 30 /GPIO0)
  (net 31 /P0)
  (net 32 /GPIO1)
  (net 33 /S1.3)
  (net 34 /S1.2)
  (net 35 /S1.1)
  (net 36 /S1.0)
  (net 37 /P1)
  (net 38 "Net-(L1-Pad2)")
  (net 39 "Net-(Q1-Pad1)")
  (net 40 "Net-(Q1-Pad3)")
  (net 41 "Net-(R1-Pad1)")
  (net 42 "Net-(R2-Pad1)")
  (net 43 "Net-(R3-Pad1)")
  (net 44 "Net-(R8-Pad1)")
  (net 45 /LOW_B)
  (net 46 /R_CS)
  (net 47 "Net-(R15-Pad1)")
  (net 48 /R_RST)
  (net 49 /CHGR_SEL)
  (net 50 "Net-(U1-Pad3)")
  (net 51 "Net-(U1-Pad10)")
  (net 52 "Net-(U1-Pad12)")
  (net 53 /MOSI)
  (net 54 /SCK)
  (net 55 /MISO)
  (net 56 /R_DIO0)
  (net 57 /R_DIO1)
  (net 58 "Net-(U1-Pad32)")
  (net 59 "Net-(U1-Pad41)")
  (net 60 "Net-(U1-Pad47)")
  (net 61 "Net-(U1-Pad48)")
  (net 62 "Net-(U2-Pad5)")
  (net 63 "Net-(U2-Pad6)")
  (net 64 "Net-(U4-Pad7)")
  (net 65 "Net-(U4-Pad11)")
  (net 66 "Net-(U4-Pad12)")
  (net 67 "Net-(U4-Pad16)")
  (net 68 "Net-(AE3-Pad1)")
  (net 69 "Net-(R20-Pad2)")
  (net 70 /F_CS)
  (net 71 /D_HOLD)
  (net 72 "Net-(C4-Pad2)")
  (net 73 /EX_POWR)
  (net 74 "Net-(C27-Pad1)")
  (net 75 "Net-(U1-Pad39)")
  (net 76 "Net-(U3-Pad6)")
  (net 77 "Net-(U3-Pad5)")
  (net 78 "Net-(U3-Pad4)")

  (net_class Default "This is the default net class."
    (clearance 0.15)
    (trace_width 0.2)
    (via_dia 0.65)
    (via_drill 0.2)
    (uvia_dia 0.3)
    (uvia_drill 0.1)
    (add_net +3V0)
    (add_net +3V3)
    (add_net /CHGR_SEL)
    (add_net /D+)
    (add_net /D-)
    (add_net /D_HOLD)
    (add_net /EX_POWR)
    (add_net /F_CS)
    (add_net /GPIO0)
    (add_net /GPIO1)
    (add_net /LED0)
    (add_net /LOW_B)
    (add_net /MISO)
    (add_net /MOSI)
    (add_net /P0)
    (add_net /P1)
    (add_net /RESET)
    (add_net /R_CS)
    (add_net /R_DIO0)
    (add_net /R_DIO1)
    (add_net /R_RST)
    (add_net /S0.0)
    (add_net /S0.1)
    (add_net /S0.2)
    (add_net /S0.3)
    (add_net /S1.0)
    (add_net /S1.1)
    (add_net /S1.2)
    (add_net /S1.3)
    (add_net /SCK)
    (add_net /SWCLK)
    (add_net /SWDIO)
    (add_net /USR)
    (add_net GND)
    (add_net "Net-(AE1-Pad1)")
    (add_net "Net-(AE2-Pad1)")
    (add_net "Net-(AE3-Pad1)")
    (add_net "Net-(BT1-Pad1)")
    (add_net "Net-(C1-Pad2)")
    (add_net "Net-(C2-Pad1)")
    (add_net "Net-(C27-Pad1)")
    (add_net "Net-(C3-Pad2)")
    (add_net "Net-(C4-Pad2)")
    (add_net "Net-(C7-Pad2)")
    (add_net "Net-(D2-Pad1)")
    (add_net "Net-(D3-Pad1)")
    (add_net "Net-(J1-Pad4)")
    (add_net "Net-(J2-Pad6)")
    (add_net "Net-(J2-Pad7)")
    (add_net "Net-(J2-Pad8)")
    (add_net "Net-(L1-Pad2)")
    (add_net "Net-(Q1-Pad1)")
    (add_net "Net-(Q1-Pad3)")
    (add_net "Net-(R1-Pad1)")
    (add_net "Net-(R15-Pad1)")
    (add_net "Net-(R2-Pad1)")
    (add_net "Net-(R20-Pad2)")
    (add_net "Net-(R3-Pad1)")
    (add_net "Net-(R8-Pad1)")
    (add_net "Net-(U1-Pad10)")
    (add_net "Net-(U1-Pad12)")
    (add_net "Net-(U1-Pad3)")
    (add_net "Net-(U1-Pad32)")
    (add_net "Net-(U1-Pad39)")
    (add_net "Net-(U1-Pad41)")
    (add_net "Net-(U1-Pad47)")
    (add_net "Net-(U1-Pad48)")
    (add_net "Net-(U2-Pad5)")
    (add_net "Net-(U2-Pad6)")
    (add_net "Net-(U3-Pad4)")
    (add_net "Net-(U3-Pad5)")
    (add_net "Net-(U3-Pad6)")
    (add_net "Net-(U4-Pad11)")
    (add_net "Net-(U4-Pad12)")
    (add_net "Net-(U4-Pad16)")
    (add_net "Net-(U4-Pad7)")
    (add_net VBUS)
    (add_net VCC)
  )

  (module Package_DFN_QFN:Micrel_MLF-8-1EP_2x2mm_P0.5mm_EP0.8x1.3mm_ThermalVias (layer F.Cu) (tedit 5A6B2D68) (tstamp 61C15EC9)
    (at 133 85.5)
    (descr http://ww1.microchip.com/downloads/en/DeviceDoc/mic2290.pdf)
    (tags "mlf 8 2x2 mm")
    (path /61C3C390)
    (attr smd)
    (fp_text reference U3 (at 0.4 -2.39) (layer F.SilkS)
      (effects (font (size 1 1) (thickness 0.15)))
    )
    (fp_text value MIC5330-3.3/3.0 (at 0 4.7) (layer F.Fab)
      (effects (font (size 1 1) (thickness 0.15)))
    )
    (fp_text user %R (at 0 0) (layer F.Fab)
      (effects (font (size 0.5 0.5) (thickness 0.075)))
    )
    (fp_line (start -1.38 -1.15) (end 1.38 -1.15) (layer F.SilkS) (width 0.1))
    (fp_line (start 1.38 -1.15) (end 1.38 1.14) (layer F.SilkS) (width 0.1))
    (fp_line (start 1.38 1.14) (end -1.380018 1.14) (layer F.SilkS) (width 0.1))
    (fp_line (start -1.38 -1.150021) (end -1.38 1.14) (layer F.SilkS) (width 0.1))
    (fp_line (start -1.58 -0.92) (end -1.58 -1.35) (layer F.SilkS) (width 0.15))
    (fp_line (start -1.15 -1.35) (end -1.58 -1.35) (layer F.SilkS) (width 0.15))
    (fp_line (start -1 -0.39) (end -0.389919 -1.000081) (layer F.Fab) (width 0.1))
    (fp_line (start -0.39 -1) (end 1 -1) (layer F.Fab) (width 0.1))
    (fp_line (start 1 1) (end 1 -1) (layer F.Fab) (width 0.1))
    (fp_line (start 1 1) (end -1 1) (layer F.Fab) (width 0.1))
    (fp_line (start -1 -0.38) (end -1 1) (layer F.Fab) (width 0.1))
    (fp_line (start -1.35 -1.25) (end 1.35 -1.25) (layer F.CrtYd) (width 0.05))
    (fp_line (start -1.35 -1.25) (end -1.35 1.25) (layer F.CrtYd) (width 0.05))
    (fp_line (start 1.35 1.25) (end 1.35 -1.25) (layer F.CrtYd) (width 0.05))
    (fp_line (start 1.35 1.25) (end -1.35 1.25) (layer F.CrtYd) (width 0.05))
    (pad 9 smd rect (at 0 0) (size 0.8 1.3) (layers B.Cu))
    (pad "" smd rect (at 0 0.35) (size 0.55 0.55) (layers F.Paste))
    (pad "" smd rect (at 0 -0.35) (size 0.55 0.55) (layers F.Paste))
    (pad 9 thru_hole circle (at 0 0.35) (size 0.6 0.6) (drill 0.3) (layers *.Cu))
    (pad 9 thru_hole circle (at 0 -0.35) (size 0.6 0.6) (drill 0.3) (layers *.Cu))
    (pad 9 smd rect (at 0 0) (size 0.8 1.3) (layers F.Cu F.Mask))
    (pad 8 smd rect (at 0.9 -0.75) (size 0.4 0.23) (layers F.Cu F.Paste F.Mask)
      (net 10 +3V3))
    (pad 7 smd rect (at 0.9 -0.25) (size 0.4 0.23) (layers F.Cu F.Paste F.Mask)
      (net 14 +3V0))
    (pad 6 smd rect (at 0.9 0.25) (size 0.4 0.23) (layers F.Cu F.Paste F.Mask)
      (net 76 "Net-(U3-Pad6)"))
    (pad 5 smd rect (at 0.9 0.75) (size 0.4 0.23) (layers F.Cu F.Paste F.Mask)
      (net 77 "Net-(U3-Pad5)"))
    (pad 4 smd rect (at -0.9 0.75) (size 0.4 0.23) (layers F.Cu F.Paste F.Mask)
      (net 78 "Net-(U3-Pad4)"))
    (pad 3 smd rect (at -0.9 0.25) (size 0.4 0.23) (layers F.Cu F.Paste F.Mask)
      (net 74 "Net-(C27-Pad1)"))
    (pad 2 smd rect (at -0.9 -0.25) (size 0.4 0.23) (layers F.Cu F.Paste F.Mask)
      (net 1 GND))
    (pad 1 smd rect (at -0.9 -0.75) (size 0.4 0.23) (layers F.Cu F.Paste F.Mask)
      (net 38 "Net-(L1-Pad2)"))
    (model ${KISYS3DMOD}/Package_DFN_QFN.3dshapes/Micrel_MLF-8-1EP_2x2mm_P0.5mm_EP0.8x1.3mm_ThermalVias.wrl
      (at (xyz 0 0 0))
      (scale (xyz 1 1 1))
      (rotate (xyz 0 0 0))
    )
  )

  (module wrx:2bit_little (layer F.Cu) (tedit 0) (tstamp 61C1589F)
    (at 133.182357 107.643337)
    (path /61E91EAF)
    (fp_text reference G1 (at 0 0) (layer F.SilkS) hide
      (effects (font (size 1.524 1.524) (thickness 0.3)))
    )
    (fp_text value 2bit (at 0.75 0) (layer F.SilkS) hide
      (effects (font (size 1.524 1.524) (thickness 0.3)))
    )
    (fp_poly (pts (xy -2.54 -1.391311) (xy -2.318012 -1.362671) (xy -2.111116 -1.301124) (xy -1.918608 -1.206354)
      (xy -1.739788 -1.078045) (xy -1.642323 -0.988392) (xy -1.498953 -0.820189) (xy -1.385672 -0.634474)
      (xy -1.303243 -0.435104) (xy -1.252433 -0.22594) (xy -1.234006 -0.010842) (xy -1.248727 0.206333)
      (xy -1.297361 0.421724) (xy -1.339479 0.539595) (xy -1.417249 0.693869) (xy -1.521749 0.847111)
      (xy -1.644637 0.988967) (xy -1.777575 1.109085) (xy -1.828276 1.146384) (xy -1.933665 1.209673)
      (xy -2.058847 1.270626) (xy -2.189349 1.323018) (xy -2.310698 1.360624) (xy -2.3442 1.368307)
      (xy -2.47026 1.386396) (xy -2.612196 1.394183) (xy -2.75525 1.391628) (xy -2.884665 1.37869)
      (xy -2.932515 1.369909) (xy -3.142197 1.306068) (xy -3.340021 1.209628) (xy -3.521328 1.083555)
      (xy -3.681459 0.930816) (xy -3.748038 0.850716) (xy -3.805573 0.767172) (xy -3.861061 0.671087)
      (xy -3.910296 0.571438) (xy -3.949071 0.477206) (xy -3.97318 0.397369) (xy -3.978984 0.357704)
      (xy -3.982357 0.281214) (xy -3.661145 0.276263) (xy -3.339932 0.271312) (xy -3.278675 0.366977)
      (xy -3.232368 0.42971) (xy -3.171667 0.499477) (xy -3.114505 0.556612) (xy -2.990226 0.647816)
      (xy -2.85598 0.707166) (xy -2.715989 0.736206) (xy -2.574472 0.736481) (xy -2.435651 0.709535)
      (xy -2.303745 0.656911) (xy -2.182975 0.580153) (xy -2.077562 0.480805) (xy -1.991725 0.360412)
      (xy -1.929686 0.220517) (xy -1.902951 0.113377) (xy -1.895225 -0.02943) (xy -1.918725 -0.175874)
      (xy -1.970451 -0.317553) (xy -2.047398 -0.446063) (xy -2.138659 -0.546129) (xy -2.270964 -0.641041)
      (xy -2.413198 -0.703243) (xy -2.561074 -0.733411) (xy -2.710301 -0.732218) (xy -2.856592 -0.700338)
      (xy -2.995656 -0.638448) (xy -3.123205 -0.54722) (xy -3.234949 -0.427328) (xy -3.277072 -0.367132)
      (xy -3.338371 -0.271306) (xy -3.982357 -0.281214) (xy -3.978984 -0.357704) (xy -3.966314 -0.424508)
      (xy -3.935804 -0.511432) (xy -3.891582 -0.609716) (xy -3.837776 -0.710601) (xy -3.778513 -0.805325)
      (xy -3.748138 -0.847622) (xy -3.601732 -1.011529) (xy -3.433037 -1.148142) (xy -3.245199 -1.256046)
      (xy -3.041366 -1.333824) (xy -2.824685 -1.38006) (xy -2.598302 -1.393337) (xy -2.54 -1.391311)) (layer F.SilkS) (width 0.01))
    (fp_poly (pts (xy 0.047171 -0.446315) (xy 0.075511 -0.41685) (xy 0.093489 -0.391013) (xy 0.103463 -0.359717)
      (xy 0.107792 -0.313878) (xy 0.108833 -0.244411) (xy 0.108857 -0.208643) (xy 0.108463 -0.127398)
      (xy 0.105708 -0.073353) (xy 0.098234 -0.037423) (xy 0.083684 -0.010524) (xy 0.0597 0.016431)
      (xy 0.047171 0.029028) (xy -0.014514 0.090714) (xy -0.707572 0.090714) (xy -0.707572 0.308428)
      (xy 0.108857 0.308428) (xy 0.108857 0.508) (xy -0.907143 0.508) (xy -0.907143 0.279478)
      (xy -0.906014 0.17486) (xy -0.90216 0.099848) (xy -0.894884 0.047819) (xy -0.883488 0.012148)
      (xy -0.877815 0.001308) (xy -0.856249 -0.032) (xy -0.83271 -0.057135) (xy -0.801928 -0.07536)
      (xy -0.758634 -0.087938) (xy -0.697558 -0.09613) (xy -0.613429 -0.101199) (xy -0.500976 -0.104407)
      (xy -0.430893 -0.105735) (xy -0.090714 -0.111685) (xy -0.090714 -0.308429) (xy -0.907143 -0.308429)
      (xy -0.907143 -0.508) (xy -0.014515 -0.508) (xy 0.047171 -0.446315)) (layer F.SilkS) (width 0.01))
    (fp_poly (pts (xy 1.376586 -0.507554) (xy 1.50412 -0.504941) (xy 1.60278 -0.498249) (xy 1.67627 -0.485565)
      (xy 1.728296 -0.464977) (xy 1.762562 -0.434573) (xy 1.782775 -0.39244) (xy 1.792638 -0.336667)
      (xy 1.795858 -0.26534) (xy 1.796143 -0.208818) (xy 1.794995 -0.131729) (xy 1.790437 -0.082529)
      (xy 1.780792 -0.052861) (xy 1.764388 -0.034369) (xy 1.760631 -0.031613) (xy 1.736205 -0.011781)
      (xy 1.739496 0.004342) (xy 1.760631 0.023667) (xy 1.778181 0.043843) (xy 1.788894 0.073169)
      (xy 1.794341 0.120053) (xy 1.796096 0.1929) (xy 1.796143 0.2135) (xy 1.793097 0.309586)
      (xy 1.781835 0.377551) (xy 1.75917 0.425207) (xy 1.721915 0.460369) (xy 1.687085 0.480889)
      (xy 1.662892 0.489912) (xy 1.626698 0.496791) (xy 1.574027 0.501779) (xy 1.500406 0.505129)
      (xy 1.401359 0.507094) (xy 1.272413 0.507927) (xy 1.207401 0.508) (xy 0.780143 0.508)
      (xy 0.780143 0.108857) (xy 0.997857 0.108857) (xy 0.997857 0.290286) (xy 1.596571 0.290286)
      (xy 1.596571 0.108857) (xy 0.997857 0.108857) (xy 0.780143 0.108857) (xy 0.780143 -0.308429)
      (xy 0.997857 -0.308429) (xy 0.997857 -0.108857) (xy 1.596571 -0.108857) (xy 1.596571 -0.308429)
      (xy 0.997857 -0.308429) (xy 0.780143 -0.308429) (xy 0.780143 -0.508) (xy 1.216472 -0.508)
      (xy 1.376586 -0.507554)) (layer F.SilkS) (width 0.01))
    (fp_poly (pts (xy 2.930071 -0.3175) (xy 2.521857 -0.30724) (xy 2.521857 0.308428) (xy 2.939143 0.308428)
      (xy 2.939143 0.508) (xy 1.923143 0.508) (xy 1.923143 0.308428) (xy 2.322285 0.308428)
      (xy 2.322285 -0.308429) (xy 1.923143 -0.308429) (xy 1.923143 -0.508) (xy 2.941039 -0.508)
      (xy 2.930071 -0.3175)) (layer F.SilkS) (width 0.01))
    (fp_poly (pts (xy 4.054928 -0.3175) (xy 3.646714 -0.30724) (xy 3.646714 0.508) (xy 3.447143 0.508)
      (xy 3.447143 -0.308429) (xy 3.048 -0.308429) (xy 3.048 -0.508) (xy 4.065896 -0.508)
      (xy 4.054928 -0.3175)) (layer F.SilkS) (width 0.01))
    (fp_poly (pts (xy -2.544454 -0.311209) (xy -2.493217 -0.292167) (xy -2.408274 -0.235426) (xy -2.348008 -0.157914)
      (xy -2.314057 -0.066897) (xy -2.308059 0.030363) (xy -2.331654 0.1266) (xy -2.380494 0.207492)
      (xy -2.46088 0.278752) (xy -2.555348 0.318651) (xy -2.657941 0.326077) (xy -2.7627 0.299918)
      (xy -2.794726 0.284793) (xy -2.873019 0.22519) (xy -2.915508 0.164011) (xy -2.952033 0.062412)
      (xy -2.956714 -0.035943) (xy -2.933627 -0.126648) (xy -2.886853 -0.205297) (xy -2.82047 -0.267483)
      (xy -2.738557 -0.308801) (xy -2.645192 -0.324845) (xy -2.544454 -0.311209)) (layer F.SilkS) (width 0.01))
  )

  (module Capacitor_SMD:C_0603_1608Metric (layer F.Cu) (tedit 5F68FEEE) (tstamp 61C157F7)
    (at 139.75 107)
    (descr "Capacitor SMD 0603 (1608 Metric), square (rectangular) end terminal, IPC_7351 nominal, (Body size source: IPC-SM-782 page 76, https://www.pcb-3d.com/wordpress/wp-content/uploads/ipc-sm-782a_amendment_1_and_2.pdf), generated with kicad-footprint-generator")
    (tags capacitor)
    (path /61D8F58C)
    (attr smd)
    (fp_text reference C27 (at 0 -1.43) (layer F.SilkS)
      (effects (font (size 1 1) (thickness 0.15)))
    )
    (fp_text value 0.1uF (at 0 1.43) (layer F.Fab)
      (effects (font (size 1 1) (thickness 0.15)))
    )
    (fp_text user %R (at 0 0) (layer F.Fab)
      (effects (font (size 0.4 0.4) (thickness 0.06)))
    )
    (fp_line (start -0.8 0.4) (end -0.8 -0.4) (layer F.Fab) (width 0.1))
    (fp_line (start -0.8 -0.4) (end 0.8 -0.4) (layer F.Fab) (width 0.1))
    (fp_line (start 0.8 -0.4) (end 0.8 0.4) (layer F.Fab) (width 0.1))
    (fp_line (start 0.8 0.4) (end -0.8 0.4) (layer F.Fab) (width 0.1))
    (fp_line (start -0.14058 -0.51) (end 0.14058 -0.51) (layer F.SilkS) (width 0.12))
    (fp_line (start -0.14058 0.51) (end 0.14058 0.51) (layer F.SilkS) (width 0.12))
    (fp_line (start -1.48 0.73) (end -1.48 -0.73) (layer F.CrtYd) (width 0.05))
    (fp_line (start -1.48 -0.73) (end 1.48 -0.73) (layer F.CrtYd) (width 0.05))
    (fp_line (start 1.48 -0.73) (end 1.48 0.73) (layer F.CrtYd) (width 0.05))
    (fp_line (start 1.48 0.73) (end -1.48 0.73) (layer F.CrtYd) (width 0.05))
    (pad 2 smd roundrect (at 0.775 0) (size 0.9 0.95) (layers F.Cu F.Paste F.Mask) (roundrect_rratio 0.25)
      (net 1 GND))
    (pad 1 smd roundrect (at -0.775 0) (size 0.9 0.95) (layers F.Cu F.Paste F.Mask) (roundrect_rratio 0.25)
      (net 74 "Net-(C27-Pad1)"))
    (model ${KISYS3DMOD}/Capacitor_SMD.3dshapes/C_0603_1608Metric.wrl
      (at (xyz 0 0 0))
      (scale (xyz 1 1 1))
      (rotate (xyz 0 0 0))
    )
  )

  (module Battery:BatteryHolder_MPD_BH-18650-PC2 (layer B.Cu) (tedit 5C1007C1) (tstamp 5EB4723E)
    (at 145 85 180)
    (descr "18650 Battery Holder (http://www.memoryprotectiondevices.com/datasheets/BK-18650-PC2-datasheet.pdf)")
    (tags "18650 Battery Holder")
    (path /5ECABA60)
    (fp_text reference BT1 (at 36 -1) (layer B.SilkS)
      (effects (font (size 0.75 0.75) (thickness 0.15)) (justify mirror))
    )
    (fp_text value 18650 (at 36 0.8) (layer B.Fab)
      (effects (font (size 1 1) (thickness 0.15)) (justify mirror))
    )
    (fp_line (start -3 -10.05) (end -3 10.05) (layer B.SilkS) (width 0.12))
    (fp_line (start 75 -10.05) (end -3 -10.05) (layer B.SilkS) (width 0.12))
    (fp_line (start 75 10.05) (end 75 -10.05) (layer B.SilkS) (width 0.12))
    (fp_line (start -3 10.05) (end 75 10.05) (layer B.SilkS) (width 0.12))
    (fp_line (start -2.8 -9.85) (end -2.8 9.85) (layer B.Fab) (width 0.1))
    (fp_line (start 74.8 -9.85) (end -2.8 -9.85) (layer B.Fab) (width 0.1))
    (fp_line (start 74.8 9.85) (end 74.8 -9.85) (layer B.Fab) (width 0.1))
    (fp_line (start -2.8 9.85) (end 74.8 9.85) (layer B.Fab) (width 0.1))
    (fp_line (start -3.2 -10.25) (end -3.2 10.25) (layer B.CrtYd) (width 0.05))
    (fp_line (start 75.2 -10.25) (end -3.2 -10.25) (layer B.CrtYd) (width 0.05))
    (fp_line (start 75.2 10.25) (end 75.2 -10.25) (layer B.CrtYd) (width 0.05))
    (fp_line (start -3.2 10.25) (end 75.2 10.25) (layer B.CrtYd) (width 0.05))
    (fp_text user %R (at 36 2.4) (layer B.Fab)
      (effects (font (size 0.75 0.75) (thickness 0.15)) (justify mirror))
    )
    (pad "" np_thru_hole circle (at 64.255 0 180) (size 3.2 3.2) (drill 3.2) (layers *.Cu *.Mask))
    (pad "" np_thru_hole circle (at 8.645 0 180) (size 3.2 3.2) (drill 3.2) (layers *.Cu *.Mask))
    (pad 1 thru_hole rect (at 0 0 180) (size 3.5 3.5) (drill 2) (layers *.Cu *.Mask)
      (net 4 "Net-(BT1-Pad1)"))
    (pad 2 thru_hole circle (at 72 0 180) (size 3.5 3.5) (drill 2) (layers *.Cu *.Mask)
      (net 1 GND))
    (model ${KISYS3DMOD}/Battery.3dshapes/BatteryHolder_MPD_BH-18650-PC2.wrl
      (at (xyz 0 0 0))
      (scale (xyz 1 1 1))
      (rotate (xyz 0 0 0))
    )
  )

  (module Capacitor_SMD:C_0603_1608Metric (layer F.Cu) (tedit 5B301BBE) (tstamp 5EB092BB)
    (at 114.2 76.25)
    (descr "Capacitor SMD 0603 (1608 Metric), square (rectangular) end terminal, IPC_7351 nominal, (Body size source: http://www.tortai-tech.com/upload/download/2011102023233369053.pdf), generated with kicad-footprint-generator")
    (tags capacitor)
    (path /5EECB722)
    (attr smd)
    (fp_text reference C1 (at 0 -1.05) (layer F.SilkS)
      (effects (font (size 0.75 0.75) (thickness 0.15)))
    )
    (fp_text value 22uF (at 0 1.43) (layer F.Fab)
      (effects (font (size 1 1) (thickness 0.15)))
    )
    (fp_line (start 1.48 0.73) (end -1.48 0.73) (layer F.CrtYd) (width 0.05))
    (fp_line (start 1.48 -0.73) (end 1.48 0.73) (layer F.CrtYd) (width 0.05))
    (fp_line (start -1.48 -0.73) (end 1.48 -0.73) (layer F.CrtYd) (width 0.05))
    (fp_line (start -1.48 0.73) (end -1.48 -0.73) (layer F.CrtYd) (width 0.05))
    (fp_line (start -0.162779 0.51) (end 0.162779 0.51) (layer F.SilkS) (width 0.12))
    (fp_line (start -0.162779 -0.51) (end 0.162779 -0.51) (layer F.SilkS) (width 0.12))
    (fp_line (start 0.8 0.4) (end -0.8 0.4) (layer F.Fab) (width 0.1))
    (fp_line (start 0.8 -0.4) (end 0.8 0.4) (layer F.Fab) (width 0.1))
    (fp_line (start -0.8 -0.4) (end 0.8 -0.4) (layer F.Fab) (width 0.1))
    (fp_line (start -0.8 0.4) (end -0.8 -0.4) (layer F.Fab) (width 0.1))
    (fp_text user %R (at 0 0) (layer F.Fab)
      (effects (font (size 0.75 0.75) (thickness 0.15)))
    )
    (pad 1 smd roundrect (at -0.7875 0) (size 0.875 0.95) (layers F.Cu F.Paste F.Mask) (roundrect_rratio 0.25)
      (net 1 GND))
    (pad 2 smd roundrect (at 0.7875 0) (size 0.875 0.95) (layers F.Cu F.Paste F.Mask) (roundrect_rratio 0.25)
      (net 5 "Net-(C1-Pad2)"))
    (model ${KISYS3DMOD}/Capacitor_SMD.3dshapes/C_0603_1608Metric.wrl
      (at (xyz 0 0 0))
      (scale (xyz 1 1 1))
      (rotate (xyz 0 0 0))
    )
  )

  (module Capacitor_SMD:C_0603_1608Metric (layer F.Cu) (tedit 5B301BBE) (tstamp 5EB46416)
    (at 114.8 79.2 45)
    (descr "Capacitor SMD 0603 (1608 Metric), square (rectangular) end terminal, IPC_7351 nominal, (Body size source: http://www.tortai-tech.com/upload/download/2011102023233369053.pdf), generated with kicad-footprint-generator")
    (tags capacitor)
    (path /5EE8BA64)
    (attr smd)
    (fp_text reference C2 (at 0 -1.43 45) (layer F.SilkS)
      (effects (font (size 0.75 0.75) (thickness 0.15)))
    )
    (fp_text value C (at 0 1.43 45) (layer F.Fab)
      (effects (font (size 1 1) (thickness 0.15)))
    )
    (fp_line (start -0.8 0.4) (end -0.8 -0.4) (layer F.Fab) (width 0.1))
    (fp_line (start -0.8 -0.4) (end 0.8 -0.4) (layer F.Fab) (width 0.1))
    (fp_line (start 0.8 -0.4) (end 0.8 0.4) (layer F.Fab) (width 0.1))
    (fp_line (start 0.8 0.4) (end -0.8 0.4) (layer F.Fab) (width 0.1))
    (fp_line (start -0.162779 -0.51) (end 0.162779 -0.51) (layer F.SilkS) (width 0.12))
    (fp_line (start -0.162779 0.51) (end 0.162779 0.51) (layer F.SilkS) (width 0.12))
    (fp_line (start -1.48 0.73) (end -1.48 -0.73) (layer F.CrtYd) (width 0.05))
    (fp_line (start -1.48 -0.73) (end 1.48 -0.73) (layer F.CrtYd) (width 0.05))
    (fp_line (start 1.48 -0.73) (end 1.48 0.73) (layer F.CrtYd) (width 0.05))
    (fp_line (start 1.48 0.73) (end -1.48 0.73) (layer F.CrtYd) (width 0.05))
    (fp_text user %R (at 0 0 45) (layer F.Fab)
      (effects (font (size 0.75 0.75) (thickness 0.15)))
    )
    (pad 2 smd roundrect (at 0.7875 0 45) (size 0.875 0.95) (layers F.Cu F.Paste F.Mask) (roundrect_rratio 0.25)
      (net 1 GND))
    (pad 1 smd roundrect (at -0.7875 0 45) (size 0.875 0.95) (layers F.Cu F.Paste F.Mask) (roundrect_rratio 0.25)
      (net 6 "Net-(C2-Pad1)"))
    (model ${KISYS3DMOD}/Capacitor_SMD.3dshapes/C_0603_1608Metric.wrl
      (at (xyz 0 0 0))
      (scale (xyz 1 1 1))
      (rotate (xyz 0 0 0))
    )
  )

  (module Capacitor_SMD:C_0603_1608Metric (layer F.Cu) (tedit 5B301BBE) (tstamp 5EB49377)
    (at 121.6 76.25 180)
    (descr "Capacitor SMD 0603 (1608 Metric), square (rectangular) end terminal, IPC_7351 nominal, (Body size source: http://www.tortai-tech.com/upload/download/2011102023233369053.pdf), generated with kicad-footprint-generator")
    (tags capacitor)
    (path /5EECB541)
    (attr smd)
    (fp_text reference C3 (at 0 1.05) (layer F.SilkS)
      (effects (font (size 0.75 0.75) (thickness 0.15)))
    )
    (fp_text value 22uF (at 0 1.43) (layer F.Fab)
      (effects (font (size 1 1) (thickness 0.15)))
    )
    (fp_line (start -0.8 0.4) (end -0.8 -0.4) (layer F.Fab) (width 0.1))
    (fp_line (start -0.8 -0.4) (end 0.8 -0.4) (layer F.Fab) (width 0.1))
    (fp_line (start 0.8 -0.4) (end 0.8 0.4) (layer F.Fab) (width 0.1))
    (fp_line (start 0.8 0.4) (end -0.8 0.4) (layer F.Fab) (width 0.1))
    (fp_line (start -0.162779 -0.51) (end 0.162779 -0.51) (layer F.SilkS) (width 0.12))
    (fp_line (start -0.162779 0.51) (end 0.162779 0.51) (layer F.SilkS) (width 0.12))
    (fp_line (start -1.48 0.73) (end -1.48 -0.73) (layer F.CrtYd) (width 0.05))
    (fp_line (start -1.48 -0.73) (end 1.48 -0.73) (layer F.CrtYd) (width 0.05))
    (fp_line (start 1.48 -0.73) (end 1.48 0.73) (layer F.CrtYd) (width 0.05))
    (fp_line (start 1.48 0.73) (end -1.48 0.73) (layer F.CrtYd) (width 0.05))
    (fp_text user %R (at 0 0) (layer F.Fab)
      (effects (font (size 0.75 0.75) (thickness 0.15)))
    )
    (pad 2 smd roundrect (at 0.7875 0 180) (size 0.875 0.95) (layers F.Cu F.Paste F.Mask) (roundrect_rratio 0.25)
      (net 7 "Net-(C3-Pad2)"))
    (pad 1 smd roundrect (at -0.7875 0 180) (size 0.875 0.95) (layers F.Cu F.Paste F.Mask) (roundrect_rratio 0.25)
      (net 1 GND))
    (model ${KISYS3DMOD}/Capacitor_SMD.3dshapes/C_0603_1608Metric.wrl
      (at (xyz 0 0 0))
      (scale (xyz 1 1 1))
      (rotate (xyz 0 0 0))
    )
  )

  (module Capacitor_SMD:C_0603_1608Metric (layer F.Cu) (tedit 5B301BBE) (tstamp 5EB61542)
    (at 146.25 93.25 180)
    (descr "Capacitor SMD 0603 (1608 Metric), square (rectangular) end terminal, IPC_7351 nominal, (Body size source: http://www.tortai-tech.com/upload/download/2011102023233369053.pdf), generated with kicad-footprint-generator")
    (tags capacitor)
    (path /5EB27A88)
    (attr smd)
    (fp_text reference C4 (at 0 1.05) (layer F.SilkS)
      (effects (font (size 0.75 0.75) (thickness 0.15)))
    )
    (fp_text value 1uF (at 0 1.43) (layer F.Fab)
      (effects (font (size 1 1) (thickness 0.15)))
    )
    (fp_line (start -0.8 0.4) (end -0.8 -0.4) (layer F.Fab) (width 0.1))
    (fp_line (start -0.8 -0.4) (end 0.8 -0.4) (layer F.Fab) (width 0.1))
    (fp_line (start 0.8 -0.4) (end 0.8 0.4) (layer F.Fab) (width 0.1))
    (fp_line (start 0.8 0.4) (end -0.8 0.4) (layer F.Fab) (width 0.1))
    (fp_line (start -0.162779 -0.51) (end 0.162779 -0.51) (layer F.SilkS) (width 0.12))
    (fp_line (start -0.162779 0.51) (end 0.162779 0.51) (layer F.SilkS) (width 0.12))
    (fp_line (start -1.48 0.73) (end -1.48 -0.73) (layer F.CrtYd) (width 0.05))
    (fp_line (start -1.48 -0.73) (end 1.48 -0.73) (layer F.CrtYd) (width 0.05))
    (fp_line (start 1.48 -0.73) (end 1.48 0.73) (layer F.CrtYd) (width 0.05))
    (fp_line (start 1.48 0.73) (end -1.48 0.73) (layer F.CrtYd) (width 0.05))
    (fp_text user %R (at 0 0) (layer F.Fab)
      (effects (font (size 0.75 0.75) (thickness 0.15)))
    )
    (pad 2 smd roundrect (at 0.7875 0 180) (size 0.875 0.95) (layers F.Cu F.Paste F.Mask) (roundrect_rratio 0.25)
      (net 72 "Net-(C4-Pad2)"))
    (pad 1 smd roundrect (at -0.7875 0 180) (size 0.875 0.95) (layers F.Cu F.Paste F.Mask) (roundrect_rratio 0.25)
      (net 1 GND))
    (model ${KISYS3DMOD}/Capacitor_SMD.3dshapes/C_0603_1608Metric.wrl
      (at (xyz 0 0 0))
      (scale (xyz 1 1 1))
      (rotate (xyz 0 0 0))
    )
  )

  (module Capacitor_SMD:C_0603_1608Metric (layer F.Cu) (tedit 5B301BBE) (tstamp 5EB02153)
    (at 143.1625 93.2)
    (descr "Capacitor SMD 0603 (1608 Metric), square (rectangular) end terminal, IPC_7351 nominal, (Body size source: http://www.tortai-tech.com/upload/download/2011102023233369053.pdf), generated with kicad-footprint-generator")
    (tags capacitor)
    (path /5EB2FCFE)
    (attr smd)
    (fp_text reference C5 (at 0 -1.43) (layer F.SilkS)
      (effects (font (size 0.75 0.75) (thickness 0.15)))
    )
    (fp_text value 1uF (at 0 1.43) (layer F.Fab)
      (effects (font (size 1 1) (thickness 0.15)))
    )
    (fp_line (start 1.48 0.73) (end -1.48 0.73) (layer F.CrtYd) (width 0.05))
    (fp_line (start 1.48 -0.73) (end 1.48 0.73) (layer F.CrtYd) (width 0.05))
    (fp_line (start -1.48 -0.73) (end 1.48 -0.73) (layer F.CrtYd) (width 0.05))
    (fp_line (start -1.48 0.73) (end -1.48 -0.73) (layer F.CrtYd) (width 0.05))
    (fp_line (start -0.162779 0.51) (end 0.162779 0.51) (layer F.SilkS) (width 0.12))
    (fp_line (start -0.162779 -0.51) (end 0.162779 -0.51) (layer F.SilkS) (width 0.12))
    (fp_line (start 0.8 0.4) (end -0.8 0.4) (layer F.Fab) (width 0.1))
    (fp_line (start 0.8 -0.4) (end 0.8 0.4) (layer F.Fab) (width 0.1))
    (fp_line (start -0.8 -0.4) (end 0.8 -0.4) (layer F.Fab) (width 0.1))
    (fp_line (start -0.8 0.4) (end -0.8 -0.4) (layer F.Fab) (width 0.1))
    (fp_text user %R (at 0 0) (layer F.Fab)
      (effects (font (size 0.75 0.75) (thickness 0.15)))
    )
    (pad 1 smd roundrect (at -0.7875 0) (size 0.875 0.95) (layers F.Cu F.Paste F.Mask) (roundrect_rratio 0.25)
      (net 1 GND))
    (pad 2 smd roundrect (at 0.7875 0) (size 0.875 0.95) (layers F.Cu F.Paste F.Mask) (roundrect_rratio 0.25)
      (net 72 "Net-(C4-Pad2)"))
    (model ${KISYS3DMOD}/Capacitor_SMD.3dshapes/C_0603_1608Metric.wrl
      (at (xyz 0 0 0))
      (scale (xyz 1 1 1))
      (rotate (xyz 0 0 0))
    )
  )

  (module Capacitor_SMD:C_0603_1608Metric (layer F.Cu) (tedit 5B301BBE) (tstamp 5EB463E6)
    (at 122.943153 78.693153 315)
    (descr "Capacitor SMD 0603 (1608 Metric), square (rectangular) end terminal, IPC_7351 nominal, (Body size source: http://www.tortai-tech.com/upload/download/2011102023233369053.pdf), generated with kicad-footprint-generator")
    (tags capacitor)
    (path /5EBF8BBC)
    (attr smd)
    (fp_text reference C7 (at 0 -1.43 135) (layer F.SilkS)
      (effects (font (size 0.75 0.75) (thickness 0.15)))
    )
    (fp_text value C (at 0 1.43 135) (layer F.Fab)
      (effects (font (size 1 1) (thickness 0.15)))
    )
    (fp_line (start 1.48 0.73) (end -1.48 0.73) (layer F.CrtYd) (width 0.05))
    (fp_line (start 1.48 -0.73) (end 1.48 0.73) (layer F.CrtYd) (width 0.05))
    (fp_line (start -1.48 -0.73) (end 1.48 -0.73) (layer F.CrtYd) (width 0.05))
    (fp_line (start -1.48 0.73) (end -1.48 -0.73) (layer F.CrtYd) (width 0.05))
    (fp_line (start -0.162779 0.51) (end 0.162779 0.51) (layer F.SilkS) (width 0.12))
    (fp_line (start -0.162779 -0.51) (end 0.162779 -0.51) (layer F.SilkS) (width 0.12))
    (fp_line (start 0.8 0.4) (end -0.8 0.4) (layer F.Fab) (width 0.1))
    (fp_line (start 0.8 -0.4) (end 0.8 0.4) (layer F.Fab) (width 0.1))
    (fp_line (start -0.8 -0.4) (end 0.8 -0.4) (layer F.Fab) (width 0.1))
    (fp_line (start -0.8 0.4) (end -0.8 -0.4) (layer F.Fab) (width 0.1))
    (fp_text user %R (at 0 0 135) (layer F.Fab)
      (effects (font (size 0.75 0.75) (thickness 0.15)))
    )
    (pad 1 smd roundrect (at -0.7875 0 315) (size 0.875 0.95) (layers F.Cu F.Paste F.Mask) (roundrect_rratio 0.25)
      (net 1 GND))
    (pad 2 smd roundrect (at 0.7875 0 315) (size 0.875 0.95) (layers F.Cu F.Paste F.Mask) (roundrect_rratio 0.25)
      (net 9 "Net-(C7-Pad2)"))
    (model ${KISYS3DMOD}/Capacitor_SMD.3dshapes/C_0603_1608Metric.wrl
      (at (xyz 0 0 0))
      (scale (xyz 1 1 1))
      (rotate (xyz 0 0 0))
    )
  )

  (module Capacitor_SMD:C_0603_1608Metric (layer F.Cu) (tedit 5B301BBE) (tstamp 5EB46476)
    (at 113.75 89.75 315)
    (descr "Capacitor SMD 0603 (1608 Metric), square (rectangular) end terminal, IPC_7351 nominal, (Body size source: http://www.tortai-tech.com/upload/download/2011102023233369053.pdf), generated with kicad-footprint-generator")
    (tags capacitor)
    (path /5EBC9564)
    (attr smd)
    (fp_text reference C8 (at 2.30234 0.590576 135) (layer F.SilkS)
      (effects (font (size 0.75 0.75) (thickness 0.15)))
    )
    (fp_text value 0.1uF (at 0 1.43 135) (layer F.Fab)
      (effects (font (size 1 1) (thickness 0.15)))
    )
    (fp_line (start -0.8 0.4) (end -0.8 -0.4) (layer F.Fab) (width 0.1))
    (fp_line (start -0.8 -0.4) (end 0.8 -0.4) (layer F.Fab) (width 0.1))
    (fp_line (start 0.8 -0.4) (end 0.8 0.4) (layer F.Fab) (width 0.1))
    (fp_line (start 0.8 0.4) (end -0.8 0.4) (layer F.Fab) (width 0.1))
    (fp_line (start -0.162779 -0.51) (end 0.162779 -0.51) (layer F.SilkS) (width 0.12))
    (fp_line (start -0.162779 0.51) (end 0.162779 0.51) (layer F.SilkS) (width 0.12))
    (fp_line (start -1.48 0.73) (end -1.48 -0.73) (layer F.CrtYd) (width 0.05))
    (fp_line (start -1.48 -0.73) (end 1.48 -0.73) (layer F.CrtYd) (width 0.05))
    (fp_line (start 1.48 -0.73) (end 1.48 0.73) (layer F.CrtYd) (width 0.05))
    (fp_line (start 1.48 0.73) (end -1.48 0.73) (layer F.CrtYd) (width 0.05))
    (fp_text user %R (at 0 0 135) (layer F.Fab)
      (effects (font (size 0.75 0.75) (thickness 0.15)))
    )
    (pad 2 smd roundrect (at 0.7875 0 315) (size 0.875 0.95) (layers F.Cu F.Paste F.Mask) (roundrect_rratio 0.25)
      (net 1 GND))
    (pad 1 smd roundrect (at -0.7875 0 315) (size 0.875 0.95) (layers F.Cu F.Paste F.Mask) (roundrect_rratio 0.25)
      (net 10 +3V3))
    (model ${KISYS3DMOD}/Capacitor_SMD.3dshapes/C_0603_1608Metric.wrl
      (at (xyz 0 0 0))
      (scale (xyz 1 1 1))
      (rotate (xyz 0 0 0))
    )
  )

  (module Capacitor_SMD:C_0603_1608Metric (layer F.Cu) (tedit 5B301BBE) (tstamp 5EB46446)
    (at 112.6 81.4 225)
    (descr "Capacitor SMD 0603 (1608 Metric), square (rectangular) end terminal, IPC_7351 nominal, (Body size source: http://www.tortai-tech.com/upload/download/2011102023233369053.pdf), generated with kicad-footprint-generator")
    (tags capacitor)
    (path /5EBC898B)
    (attr smd)
    (fp_text reference C9 (at 2.448852 -0.11144 45) (layer F.SilkS)
      (effects (font (size 0.75 0.75) (thickness 0.15)))
    )
    (fp_text value 0.1uF (at 0 1.43 45) (layer F.Fab)
      (effects (font (size 1 1) (thickness 0.15)))
    )
    (fp_line (start -0.8 0.4) (end -0.8 -0.4) (layer F.Fab) (width 0.1))
    (fp_line (start -0.8 -0.4) (end 0.8 -0.4) (layer F.Fab) (width 0.1))
    (fp_line (start 0.8 -0.4) (end 0.8 0.4) (layer F.Fab) (width 0.1))
    (fp_line (start 0.8 0.4) (end -0.8 0.4) (layer F.Fab) (width 0.1))
    (fp_line (start -0.162779 -0.51) (end 0.162779 -0.51) (layer F.SilkS) (width 0.12))
    (fp_line (start -0.162779 0.51) (end 0.162779 0.51) (layer F.SilkS) (width 0.12))
    (fp_line (start -1.48 0.73) (end -1.48 -0.73) (layer F.CrtYd) (width 0.05))
    (fp_line (start -1.48 -0.73) (end 1.48 -0.73) (layer F.CrtYd) (width 0.05))
    (fp_line (start 1.48 -0.73) (end 1.48 0.73) (layer F.CrtYd) (width 0.05))
    (fp_line (start 1.48 0.73) (end -1.48 0.73) (layer F.CrtYd) (width 0.05))
    (fp_text user %R (at 0 0 45) (layer F.Fab)
      (effects (font (size 0.75 0.75) (thickness 0.15)))
    )
    (pad 2 smd roundrect (at 0.7875 0 225) (size 0.875 0.95) (layers F.Cu F.Paste F.Mask) (roundrect_rratio 0.25)
      (net 1 GND))
    (pad 1 smd roundrect (at -0.7875 0 225) (size 0.875 0.95) (layers F.Cu F.Paste F.Mask) (roundrect_rratio 0.25)
      (net 10 +3V3))
    (model ${KISYS3DMOD}/Capacitor_SMD.3dshapes/C_0603_1608Metric.wrl
      (at (xyz 0 0 0))
      (scale (xyz 1 1 1))
      (rotate (xyz 0 0 0))
    )
  )

  (module Capacitor_SMD:C_0603_1608Metric (layer F.Cu) (tedit 5B301BBE) (tstamp 5EB464A6)
    (at 125.443153 85.806847 45)
    (descr "Capacitor SMD 0603 (1608 Metric), square (rectangular) end terminal, IPC_7351 nominal, (Body size source: http://www.tortai-tech.com/upload/download/2011102023233369053.pdf), generated with kicad-footprint-generator")
    (tags capacitor)
    (path /5EBC9127)
    (attr smd)
    (fp_text reference C10 (at 0 -1.43 45) (layer F.SilkS)
      (effects (font (size 0.75 0.75) (thickness 0.15)))
    )
    (fp_text value 0.1uF (at 0 1.43 45) (layer F.Fab)
      (effects (font (size 1 1) (thickness 0.15)))
    )
    (fp_line (start 1.48 0.73) (end -1.48 0.73) (layer F.CrtYd) (width 0.05))
    (fp_line (start 1.48 -0.73) (end 1.48 0.73) (layer F.CrtYd) (width 0.05))
    (fp_line (start -1.48 -0.73) (end 1.48 -0.73) (layer F.CrtYd) (width 0.05))
    (fp_line (start -1.48 0.73) (end -1.48 -0.73) (layer F.CrtYd) (width 0.05))
    (fp_line (start -0.162779 0.51) (end 0.162779 0.51) (layer F.SilkS) (width 0.12))
    (fp_line (start -0.162779 -0.51) (end 0.162779 -0.51) (layer F.SilkS) (width 0.12))
    (fp_line (start 0.8 0.4) (end -0.8 0.4) (layer F.Fab) (width 0.1))
    (fp_line (start 0.8 -0.4) (end 0.8 0.4) (layer F.Fab) (width 0.1))
    (fp_line (start -0.8 -0.4) (end 0.8 -0.4) (layer F.Fab) (width 0.1))
    (fp_line (start -0.8 0.4) (end -0.8 -0.4) (layer F.Fab) (width 0.1))
    (fp_text user %R (at 0 0 45) (layer F.Fab)
      (effects (font (size 0.75 0.75) (thickness 0.15)))
    )
    (pad 1 smd roundrect (at -0.7875 0 45) (size 0.875 0.95) (layers F.Cu F.Paste F.Mask) (roundrect_rratio 0.25)
      (net 10 +3V3))
    (pad 2 smd roundrect (at 0.7875 0 45) (size 0.875 0.95) (layers F.Cu F.Paste F.Mask) (roundrect_rratio 0.25)
      (net 1 GND))
    (model ${KISYS3DMOD}/Capacitor_SMD.3dshapes/C_0603_1608Metric.wrl
      (at (xyz 0 0 0))
      (scale (xyz 1 1 1))
      (rotate (xyz 0 0 0))
    )
  )

  (module Capacitor_SMD:C_0603_1608Metric (layer F.Cu) (tedit 5B301BBE) (tstamp 5EB47D62)
    (at 95.95 77.65 90)
    (descr "Capacitor SMD 0603 (1608 Metric), square (rectangular) end terminal, IPC_7351 nominal, (Body size source: http://www.tortai-tech.com/upload/download/2011102023233369053.pdf), generated with kicad-footprint-generator")
    (tags capacitor)
    (path /5EB5C4DB)
    (attr smd)
    (fp_text reference C11 (at -2.15 0.25 180) (layer F.SilkS)
      (effects (font (size 0.75 0.75) (thickness 0.15)))
    )
    (fp_text value 0.1uF (at 0 1.43 90) (layer F.Fab)
      (effects (font (size 1 1) (thickness 0.15)))
    )
    (fp_line (start 1.48 0.73) (end -1.48 0.73) (layer F.CrtYd) (width 0.05))
    (fp_line (start 1.48 -0.73) (end 1.48 0.73) (layer F.CrtYd) (width 0.05))
    (fp_line (start -1.48 -0.73) (end 1.48 -0.73) (layer F.CrtYd) (width 0.05))
    (fp_line (start -1.48 0.73) (end -1.48 -0.73) (layer F.CrtYd) (width 0.05))
    (fp_line (start -0.162779 0.51) (end 0.162779 0.51) (layer F.SilkS) (width 0.12))
    (fp_line (start -0.162779 -0.51) (end 0.162779 -0.51) (layer F.SilkS) (width 0.12))
    (fp_line (start 0.8 0.4) (end -0.8 0.4) (layer F.Fab) (width 0.1))
    (fp_line (start 0.8 -0.4) (end 0.8 0.4) (layer F.Fab) (width 0.1))
    (fp_line (start -0.8 -0.4) (end 0.8 -0.4) (layer F.Fab) (width 0.1))
    (fp_line (start -0.8 0.4) (end -0.8 -0.4) (layer F.Fab) (width 0.1))
    (fp_text user %R (at 0 0 90) (layer F.Fab)
      (effects (font (size 0.75 0.75) (thickness 0.15)))
    )
    (pad 1 smd roundrect (at -0.7875 0 90) (size 0.875 0.95) (layers F.Cu F.Paste F.Mask) (roundrect_rratio 0.25)
      (net 11 /RESET))
    (pad 2 smd roundrect (at 0.7875 0 90) (size 0.875 0.95) (layers F.Cu F.Paste F.Mask) (roundrect_rratio 0.25)
      (net 1 GND))
    (model ${KISYS3DMOD}/Capacitor_SMD.3dshapes/C_0603_1608Metric.wrl
      (at (xyz 0 0 0))
      (scale (xyz 1 1 1))
      (rotate (xyz 0 0 0))
    )
  )

  (module Capacitor_SMD:C_0603_1608Metric (layer F.Cu) (tedit 5B301BBE) (tstamp 5EB0931B)
    (at 122.25 80.75 315)
    (descr "Capacitor SMD 0603 (1608 Metric), square (rectangular) end terminal, IPC_7351 nominal, (Body size source: http://www.tortai-tech.com/upload/download/2011102023233369053.pdf), generated with kicad-footprint-generator")
    (tags capacitor)
    (path /5EBC9914)
    (attr smd)
    (fp_text reference C12 (at -2.474874 0 135) (layer F.SilkS)
      (effects (font (size 0.75 0.75) (thickness 0.15)))
    )
    (fp_text value 0.1uF (at 0 1.43 135) (layer F.Fab)
      (effects (font (size 1 1) (thickness 0.15)))
    )
